220200202022
020220220020
222202000020
222022002222
000020220020
002222000200
000220022202
002020022200
002200222220
202200202022
000000022022
022022002002
200002222200
200022000002
020020222220
200202202202
202020222000
202020020022
202020000022
202000202000
202220020022
202002220022
002202022222
220220202200
220220000200
002222002000
200202002022
002002002000
220002020000
000222000222
220002022022
020022020220
200022202002
020222202000
020020002200
022202222220
200220020220
020222020202
000202022020
020002200020
020000000200
002022200222
020200220002
022000202220
022200222000
200022002200
000202002222
020022002020
200022022000
022200020222
022020020222
000022222220
202002220200
000002002200
020200020222
020022202202
220000202222
002002000022
022020220220
220002220202
020200022200
202200002202
002220000000
222202000022
000000000020
000220020200
222200022202
222020220020
220002002202
220002202200
002000022020
002200202220
002022222022
020202020220
020020220202
002200020020
000222200220
000202200220
222022002202
022222202022
220022022020
222202222000
020222222222
022202202220
222222222222
020220220222
002200200222
000002020020
200022002022
222222220200
022202220000
202002202022
220222022002
020200000022
202200222000
220222022220
200202222022
222222202200
022202202020
220022200220
020202002022
022222000222
222202020020
202200000000
022200200220
020000200220
022000020200
020222202222
220022222022
020002002202
022020200202
200220220220
220000002020
222220202000
222022222022
202022222222
202002202202
222220222022
022220220020
020202220002
002020000000
000000002200
002200222020
220202000202
220022200202
200022022000
022200022002
220020022202
020022022220
000002200020
002202000020
000000200200
020020222220
202020202202
002222002200
202000002022
020020002000
222002202000
000200022022
002002202202
202020200020
000202022022
022002200202
002022222000
020022022220
200020202020
220020200000
022020020022
200200222020
220002002000