022200022000
222020220200
002220220002
220220202000
222000002022
200222002222
202000020020
022020002000
200002020002
202002222020
220000020000
020202000222
202020000220
220202002000
220202220200
022000200222
220220000020
200002220202
200002200222
020200200000
222002002200
202022002220
200000220202
000002200220
200020000220
222020000002
022020220002
020022220222
022000202220
022002200020
002222200022
222222022000
022220200002
020200200022
002022202222
020020222220
002202020020
000020002020
202000002200
022200202200
000022000000
200222002020
002020022022
000020200002
200200222202
022222200002
000222022020
022020202000
200002202002
220200220022
222000002200
022200220022
000000002220
200022220200
202022000202
000202200002
202000200200
022222200020
022000020022
022002202002
200002222202
220022000202
020000220020
200022020200
222000202220
202222000020
200200000000
002222222022
022222020202
220020222022
200000000200
200200202002
202202020220
200000222000
002022202022
202002220000
200220222022
002022022200
220022002220
020002220000
200000200220
002220220022
222202020220
022202200202
000020220220
220020222020
200022222022
002222020022
002222020000
020022020000
020220202200
220220020002
000020020222
020020220020
220222002000
222020002022
002002020022
200220200200
202202220222
020002022022
